 0  0   -14.3645   709.813  -12797.7   216225       -6.07467e+06   -0.000215569
 0  1	-14.3157   687.908  -17421.7   475351       -9.08541e+06   -0.000219553
 0  2	-14.4272   640.262  -10229.1   196515       -6.19781e+06   -0.000246511
 0  3	-14.3277   592.398  -11889     309033       -6.62915e+06   -0.000291429
 0  4	-14.1021   631.087  -2030.96  -231503       -230068        -0.000272551
 0  5	-14.1723   656.089  -23266.4   818548       -1.3983e+07    -0.000225014
 0  6	-13.9986   638.41   -21116.2   691951       -1.15807e+07   -0.000263889
 1  0	-14.0493   639.172  -16488.2   487033       -9.95763e+06   -0.000291254
 1  1	-14.1884   662.276  -22674.3   818348       -1.51186e+07   -0.000286878
 1  2	-14.0441   666.744  -21863.7   737587       -1.35707e+07   -0.000309967
 1  3	-13.6497   771.69   -27937.1   907923       -1.59892e+07   -0.000301508
 1  4	-14.123    709.042  -27325.4   1.02041e+06  -1.77876e+07   -0.000271252
 1  5	-13.5613   563.384  -6652.12   57325.9      -5.46784e+06   -0.000331902
 1  6	-13.9623   621.988  -18978.4   583890       -9.44274e+06   -0.000331676
 2  0	-13.4566   648.453  -25741.5   931287       -1.45476e+07   -0.000300576
 2  1	-14.299    678.461  -26899.5   979061       -1.6021e+07    -0.000281556
 2  2	-14.0872   667.43   -23133.8   770251       -1.27168e+07   -0.000296619
 2  3	-13.7962   737.116  -25706.6   850212       -1.4838e+07    -0.000327919
 2  4	-14.2872   600.94   -19617.6   674121       -1.15158e+07   -0.000309986
 2  5	-14.1048   649.377  -26680.4   923012       -1.41314e+07   -0.000324083
 2  6	-13.9153   677.468  -17052.1   461035       -9.0738e+06    -0.000325269
 3  0	-13.4282   516.231   24229.9  -1.61656e+06   1.88399e+07   -0.000375784
 3  1	-14.1409   544.14   -10180.8   428323       -1.06182e+07   -0.000316102
 3  2	-14.088    580.493  -9372.86   340560       -9.70029e+06   -0.000304718
 3  3	-14.1446   541.496  -7777      309776       -9.33764e+06   -0.000305347
 3  4	-14.0847   455.143   18507.7  -1.02546e+06   9.52459e+06   -0.000345319
 3  5	-13.8246   534.443   4191.81  -416614        2.23707e+06   -0.000334132
 3  6	-13.7164   429.225   22545.9  -1.18685e+06   1.21154e+07   -0.000338988
 4  0	-13.519    598.112  -24155.1   900099       -1.46508e+07   -0.000368942
 4  1	-13.6499   534.184  -18267.1   756862       -1.35206e+07   -0.000364897
 4  2	-13.5847   522.763  -12789     538646       -1.12086e+07   -0.000374678
 4  3	-13.4139   516.804  -1764.79   20548.1      -4.75856e+06   -0.000387937
 4  4	-13.8547   605.938  -8283.51   100365       -3.79981e+06   -0.00035562
 4  5	-13.7797   611.379  -16842.9   550126       -1.03853e+07   -0.00034564
 4  6	-13.329    607.822  -16990.5   575422       -1.11142e+07   -0.000378642
 5  0	-13.728    614.74   -15366.4   434437       -8.43822e+06   -0.000354738
 5  1	-13.9687   568.876  -18966.4   739861       -1.3011e+07    -0.000317172
 5  2	-13.8312   596.173  -11785.5   429252       -1.02522e+07   -0.000339877
 5  3	-13.801    609.06   -13538.6   423067       -8.91727e+06   -0.00032164
 5  4	-13.9885   638.834  -16326.8   427478       -7.81459e+06   -0.000310098
 5  5	-13.5896   689.787  -19385.1   591438       -1.1425e+07    -0.000328442
 5  6	-13.5985   731.718  -23939.3   711891       -1.17274e+07   -0.000308454
 6  0	-14.1572   634.355  -10145.1   145243       -4.80926e+06   -0.000282559
 6  1	-14.0973   618.75   -14088.1   421101       -9.09717e+06   -0.000325206
 6  2	-14.2328   659.806  -14129.2   334690       -7.27384e+06   -0.000278451
 6  3	-14.2541   656.487  -13708     351013       -8.06396e+06   -0.000262617
 6  4	-14.2586   662.141  -19525     608654       -1.10485e+07   -0.000257175
 6  5	-14.2682   673.891  -24023.3   868731       -1.51859e+07   -0.000287473
 6  6	-13.9969   574.484  -5071.91   42234.3      -4.67859e+06   -0.000337598
 7  0	-14.1294   507.278   23303    -1.3492e+06    1.46938e+07   -0.000261345
 7  1	 0.0	   0.0       0.0       0.0	     0.0	    0.0
 7  2	-14.2016   510.815   11877.8  -711913        4.85091e+06   -0.000278277
 7  3	-14.0946   462.217   33732.8  -1.67909e+06   1.63903e+07   -0.000308545
 7  4	-14.2748   518.499   14698.2  -927738        8.96243e+06   -0.000257016
 7  5	-14.4186   591.169   7976.3   -747640        7.65163e+06   -0.000279348
 7  6	 0.0       0.0       0.0       0.0           0.0            0.0
 8  0	-14.4875   634.661  -12011.4   255246       -6.10772e+06   -0.000220249
 8  1	-14.45     587.196  -6261.72   23663.2      -2.98733e+06   -0.000255658
 8  2	-14.5072   586.045  -9751.73   260722       -7.25053e+06   -0.00024393
 8  3	-14.3828   598.664  -4291.97  -108155       -998401        -0.000255802
 8  4	-14.3188   563.738  -3243.85  -134627       -446041        -0.000271486
 8  5	-14.3392   524.131  -4160.84   37074.3      -4.06393e+06   -0.00024547
 8  6	-13.9846   666.989  -16784.4   423285       -7.17128e+06   -0.000190453
 9  0	-14.5525   517.933   490.819  -240947        460417         0.000238132
 9  1	-14.6368   593.229  -9884.72   167201       -4.35994e+06   -0.000215853
 9  2	 0.0       0.0       0.0       0.0           0.0            0.0
 9  3	-14.3846   647.133  -7716.94   64920.5      -4.25007e+06   -0.000230491
 9  4	-14.4595   552.533   4658.16  -477938        3.34712e+06   -0.000243268
 9  5	-14.338    540.729   15955    -1.03193e+06   1.04999e+07   -0.000245361
 9  6	-14.5814   623.296  -10467.2   86314.5      -1.97683e+06   -0.000206709
10  0	-13.8688   385.738   16352.1  -778723        5.55424e+06   -0.000301974
10  1	-14.4113   447.64    6281.56  -377018        1.33535e+06   -0.000293263
10  2	-14.3448   478.713  -521.137   28658.9      -5.81811e+06   -0.00027947
10  3	-14.3646   461.505   15983.8  -912530        8.86156e+06   -0.000263833
10  4	-14.2633   492.361   176.628  -77484.6      -4.05879e+06   -0.000254974
10  5	-14.0268   395.352   16039.7  -751082        4.68107e+06   -0.000291696
10  6	-14.199    480.989   4266.34  -264621       -2.07617e+06   -0.000276905
11  0	-13.9899   558.073  -148.311  -61139.6      -5.74093e+06   -0.000319084
11  1	-13.9716   542.952   5139.51  -266560       -3.6263e+06    -0.000283147
11  2	-13.751    649.94   -9426.01   231858       -8.1371e+06    -0.00031836
11  3	-13.4359   496.35    12894    -677665        3.74018e+06   -0.000371215
11  4	-13.8929   553.563   9648.23  -666136        4.5233e+06    -0.000302121
11  5	-13.9483   578.309  -10687     381497       -1.09061e+07   -0.000271263
11  6	-13.8909   531.327   646.603  -187744       -2.00757e+06   -0.00030141
