1010 0.368539 0.994673 8.4672e-05
1012 0.46617 0.993489 6.19961e-05
1013 0.423173 0.993986 5.85723e-05
1014 0.226739 0.996585 5.56791e-05
1015 0.30933 0.995577 4.42079e-05
1016 0.197581 0.996952 8.42769e-05
1017 0.140724 0.99771 5.63126e-05
1018 0.140724 0.99771 5.63126e-05
1019 0.183871 0.997211 5.42403e-05
1020 0.140724 0.99771 5.63126e-05
1021 0.0197368 0.999193 8.95704e-05
1022 0.147281 0.997498 0.000117226
1024 0.257909 0.996107 8.24033e-05
1025 0.147281 0.997498 0.000117226
1026 0.226739 0.996585 5.56791e-05
1027 0.226739 0.996585 5.56791e-05
1028 0.140724 0.99771 5.63126e-05
1029 0.344804 0.994842 5.00563e-05
1030 0.246134 0.996039 4.51415e-05
1032 0.332242 0.994913 5.74181e-05
1033 0.323622 0.994979 4.93143e-05
1034 0.332242 0.994913 5.74181e-05
1035 0.215084 0.996343 9.15221e-05
1036 0.323622 0.994979 4.93143e-05
1037 0.332242 0.994913 5.74181e-05
1038 0.13089 0.99738 0.000150734
1039 0.246134 0.996039 4.51415e-05
1040 0.332242 0.994913 5.74181e-05
1041 0.323622 0.994979 4.93143e-05
1042 0.323622 0.994979 4.93143e-05
1043 0.323622 0.994979 4.93143e-05
1044 0.323622 0.994979 4.93143e-05
1045 0.323622 0.994979 4.93143e-05
1046 0.206304 0.99641 7.83222e-05
1047 0.277146 0.995476 6.9417e-05
1048 0.215084 0.996343 9.15221e-05
1049 0.206304 0.99641 7.83222e-05
1050 0.128578 0.997473 7.41473e-05
1051 0.237595 0.996103 4.05226e-05
1052 0.128578 0.997473 7.41473e-05
1053 0.246134 0.996039 4.51415e-05
1054 0.128578 0.997473 7.41473e-05
1055 0.246134 0.996039 4.51415e-05
1056 0.344804 0.994842 5.00563e-05
1057 0.246134 0.996039 4.51415e-05
1061 0.246134 0.996039 4.51415e-05
1062 0.344804 0.994842 5.00563e-05
1063 0.22794 0.996267 9.38487e-05
1064 0.344804 0.994842 5.00563e-05
1065 0.229747 0.996252 8.02683e-05
1066 0.406591 0.994109 8.0786e-05
1067 0.344804 0.994842 5.00563e-05
1068 0.229747 0.996252 8.02683e-05
1069 0.344804 0.994842 5.00563e-05
1070 0.344804 0.994842 5.00563e-05
1071 0.246134 0.996039 4.51415e-05
1072 0.142819 0.99731 0.000110286
1073 0.270907 0.995718 4.67644e-05
1074 0.166894 0.996977 7.80116e-05
1075 0.128578 0.997473 7.41473e-05
1076 0.142819 0.99731 0.000110286
1077 0.128578 0.997473 7.41473e-05
1078 0.128578 0.997473 7.41473e-05
1079 0.128578 0.997473 7.41473e-05
1080 0.128578 0.997473 7.41473e-05
1081 0.128578 0.997473 7.41473e-05
1082 -0.0328458 0.999451 0.000133577
1083 0.163774 0.997031 0.000163163
1084 0.157371 0.997126 6.3031e-05
1085 0.229747 0.996252 8.02683e-05
1086 0.344804 0.994842 5.00563e-05
1087 0.344804 0.994842 5.00563e-05
1088 0.157371 0.997126 6.3031e-05
1089 0.168163 0.997041 0.00010339
1090 0.128578 0.997473 7.41473e-05
1091 0.128578 0.997473 7.41473e-05
1092 0.128578 0.997473 7.41473e-05
1093 0.246134 0.996039 4.51415e-05
1094 0.119879 0.997539 6.44302e-05
1095 0.22794 0.996267 9.38487e-05
1096 0.344804 0.994842 5.00563e-05
1097 0.336418 0.994904 5.0361e-05
1098 0.128578 0.997473 7.41473e-05
1099 0.246134 0.996039 4.51415e-05
1100 0.22794 0.996267 9.38487e-05
1101 0.166894 0.996977 7.80116e-05
1102 0.128578 0.997473 7.41473e-05
1103 0.246134 0.996039 4.51415e-05
1104 0.128578 0.997473 7.41473e-05
1106 0.344804 0.994842 5.00563e-05
1107 0.229747 0.996252 8.02683e-05
1108 0.344804 0.994842 5.00563e-05
1109 0.344804 0.994842 5.00563e-05
1110 0.344804 0.994842 5.00563e-05
1111 0.344804 0.994842 5.00563e-05
1112 0.344804 0.994842 5.00563e-05
1113 0.344804 0.994842 5.00563e-05
1114 0.304898 0.995387 6.69609e-05
1115 0.344804 0.994842 5.00563e-05
1116 0.485467 0.993146 7.02819e-05
1117 0.344804 0.994842 5.00563e-05
1118 0.344804 0.994842 5.00563e-05
1119 0.344804 0.994842 5.00563e-05
1121 0.22794 0.996267 9.38487e-05
1122 0.344804 0.994842 5.00563e-05
1123 0.344804 0.994842 5.00563e-05
1124 0.359337 0.994654 5.06169e-05
1125 0.22794 0.996267 9.38487e-05
1126 0.22794 0.996267 9.38487e-05
1127 0.344804 0.994842 5.00563e-05
1128 0.128578 0.997473 7.41473e-05
1129 0.128578 0.997473 7.41473e-05
1130 0.128578 0.997473 7.41473e-05
1131 0.246134 0.996039 4.51415e-05
1132 0.128578 0.997473 7.41473e-05
1133 0.128578 0.997473 7.41473e-05
1140 0.279296 0.996054 8.80222e-05
1141 0.279296 0.996054 8.80222e-05
1142 0.349885 0.995124 7.33515e-05
1143 0.279296 0.996054 8.80222e-05
1144 0.349885 0.995124 7.33515e-05
1145 0.279296 0.996054 8.80222e-05
1146 0.349885 0.995124 7.33515e-05
1147 0.279296 0.996054 8.80222e-05
1148 0.33075 0.995371 7.43275e-05
1150 0.264172 0.996244 7.53415e-05
1151 0.26665 0.996212 7.53578e-05
1152 0.26665 0.996212 7.53578e-05
1153 0.33075 0.995371 7.43275e-05
1154 0.310763 0.995745 5.78417e-05
1155 0.214802 0.9969 8.15109e-05
1156 0.246988 0.996585 7.39176e-05
1157 0.164896 0.997648 9.30601e-05
1158 0.164896 0.997648 9.30601e-05
1159 0.117621 0.99815 9.16637e-05
1160 0.164896 0.997648 9.30601e-05
1161 0.164896 0.997648 9.30601e-05
1162 0.164896 0.997648 9.30601e-05
1163 0.164896 0.997648 9.30601e-05
1164 0.246988 0.996585 7.39176e-05
1165 0.164896 0.997648 9.30601e-05
1166 0.164896 0.997648 9.30601e-05
1167 0.0351038 0.999219 0.000104905
1168 0.120494 0.998481 9.76142e-05
2020 1.26878 0.990026 4.05354e-05
2021 1.41789 0.98884 5.32856e-05
2022 1.52587 0.987891 2.92265e-05
2023 1.44413 0.988578 5.72831e-05
2024 1.38056 0.989056 3.91802e-05
2025 1.35531 0.989398 5.37312e-05
2026 1.35531 0.989398 5.37312e-05
2027 1.35531 0.989398 5.37312e-05
2028 1.48231 0.988361 4.57096e-05
2029 1.35531 0.989398 5.37312e-05
2030 1.35531 0.989398 5.37312e-05
2031 1.30133 0.989877 3.44538e-05
2032 1.34562 0.9895 3.72375e-05
2033 1.34562 0.9895 3.72375e-05
2034 1.34562 0.9895 3.72375e-05
2036 1.35531 0.989398 5.37312e-05
2037 1.12493 0.991191 3.5494e-05
2038 1.35531 0.989398 5.37312e-05
2039 1.44004 0.98856 2.13114e-05
2040 1.38618 0.989053 4.84537e-05
2041 1.31576 0.989565 5.6837e-05
2042 0.908614 0.993205 3.02416e-05
2043 0.908614 0.993205 3.02416e-05
2044 1.0293 0.992287 4.96964e-05
2045 0.881801 0.993444 3.20053e-05
2046 0.881801 0.993444 3.20053e-05
2047 0.881801 0.993444 3.20053e-05
2048 0.837467 0.993822 3.59274e-05
2049 0.766245 0.994439 2.98515e-05
2050 0.687276 0.995094 3.2413e-05
2051 0.687276 0.995094 3.2413e-05
2052 0.918528 0.993291 4.31365e-05
2053 0.687276 0.995094 3.2413e-05
2054 0.835382 0.993981 4.80022e-05
2055 0.937864 0.993145 5.18586e-05
2056 0.842395 0.993931 5.64461e-05
2057 0.761763 0.994574 3.39706e-05
2058 0.878754 0.993657 4.50999e-05
2059 0.842395 0.993931 5.64461e-05
2060 0.666601 0.995407 5.49925e-05
2061 0.997396 0.992786 5.02185e-05
2062 0.876457 0.993783 5.75076e-05
2063 0.885542 0.993736 5.62643e-05
2064 1.06718 0.992311 8.30406e-05
2065 1.01331 0.992703 8.69699e-05
2066 0.838116 0.994076 4.93565e-05
2067 0.751104 0.994758 4.31903e-05
2068 1.08689 0.992083 7.69794e-05
2069 0.842395 0.993931 5.64461e-05
2070 0.842395 0.993931 5.64461e-05
2071 0.842395 0.993931 5.64461e-05
2072 0.696104 0.995073 3.22654e-05
2073 0.842395 0.993931 5.64461e-05
2074 0.842395 0.993931 5.64461e-05
2075 1.04153 0.992387 6.26731e-05
2076 0.696104 0.995073 3.22654e-05
2077 0.835382 0.993981 4.80022e-05
2078 0.687276 0.995094 3.2413e-05
2079 0.687276 0.995094 3.2413e-05
2080 0.687276 0.995094 3.2413e-05
2081 0.914577 0.993276 4.77108e-05
2082 0.844654 0.99386 5.24815e-05
2083 0.687276 0.995094 3.2413e-05
2084 0.914577 0.993276 4.77108e-05
2085 0.82804 0.993922 2.73215e-05
2086 0.82804 0.993922 2.73215e-05
2087 0.82804 0.993922 2.73215e-05
2088 0.82804 0.993922 2.73215e-05
2089 0.82804 0.993922 2.73215e-05
2090 0.82804 0.993922 2.73215e-05
2091 1.01394 0.992434 4.22769e-05
2092 0.82804 0.993922 2.73215e-05
2093 0.837467 0.993822 3.59274e-05
2094 0.881801 0.993444 3.20053e-05
2095 0.837467 0.993822 3.59274e-05
2096 0.82804 0.993922 2.73215e-05
2097 0.837467 0.993822 3.59274e-05
2098 0.837467 0.993822 3.59274e-05
2099 0.881801 0.993444 3.20053e-05
2100 0.881801 0.993444 3.20053e-05
2101 0.82804 0.993922 2.73215e-05
2102 0.941932 0.993014 3.55137e-05
2103 0.82804 0.993922 2.73215e-05
2104 0.766245 0.994439 2.98515e-05
2105 0.687276 0.995094 3.2413e-05
2106 0.842395 0.993931 5.64461e-05
2107 0.842395 0.993931 5.64461e-05
2108 0.879746 0.993708 4.22082e-05
2109 0.814666 0.994202 5.05871e-05
2110 0.795477 0.994355 5.53399e-05
2112 0.90764 0.993436 5.23525e-05
2113 0.842395 0.993931 5.64461e-05
2114 0.842395 0.993931 5.64461e-05
2115 0.842395 0.993931 5.64461e-05
2116 0.941984 0.99315 6.45292e-05
2117 0.90764 0.993436 5.23525e-05
2118 0.941984 0.99315 6.45292e-05
2119 0.844654 0.99386 5.24815e-05
2121 0.79191 0.994284 3.01013e-05
2122 0.79191 0.994284 3.01013e-05
2123 0.696104 0.995073 3.22654e-05
2124 0.696104 0.995073 3.22654e-05
2125 0.947143 0.993179 4.59194e-05
2126 0.947143 0.993179 4.59194e-05
2127 0.876457 0.993783 5.75076e-05
2128 0.879746 0.993708 4.22082e-05
2129 0.991718 0.99279 3.83799e-05
2130 0.842395 0.993931 5.64461e-05
2131 0.842395 0.993931 5.64461e-05
2132 0.0917127 0.999643 7.43798e-05
2133 0.730111 0.994851 5.93343e-05
3000 0.986027 0.992644 3.88512e-05
3001 0.822734 0.993943 4.1e-05
3002 0.905117 0.993277 4.73267e-05
3003 0.986027 0.992644 3.88512e-05
3004 0.986027 0.992644 3.88512e-05
3005 0.986027 0.992644 3.88512e-05
3006 0.707794 0.994827 6.84631e-05
3007 0.986027 0.992644 3.88512e-05
3008 0.986027 0.992644 3.88512e-05
3009 0.98448 0.992656 3.8855e-05
3010 0.767841 0.994369 4.58691e-05
3011 0.850378 0.993713 4.75422e-05
3012 0.595667 0.995727 5.04625e-05
3013 0.767841 0.994369 4.58691e-05
3014 0.623649 0.995409 2.90319e-05
3015 0.593934 0.995613 3.7589e-05
3016 0.580575 0.995744 3.20166e-05
3017 0.757666 0.994311 3.21471e-05
3018 0.580575 0.995744 3.20166e-05
3019 0.703658 0.994886 4.35369e-05
3020 0.623649 0.995409 2.90319e-05
3021 0.480078 0.996522 4.18961e-05
3022 0.623649 0.995409 2.90319e-05
3023 0.623649 0.995409 2.90319e-05
3024 0.61064 0.995458 4.64307e-05
3025 0.676426 0.994947 3.94446e-05
3026 0.631697 0.99541 2.95158e-05
3027 0.685305 0.995031 5.93983e-05
3028 0.823081 0.993961 2.84241e-05
3030 0.773686 0.994344 3.23643e-05
3031 0.651306 0.995179 3.37914e-05
3032 0.69928 0.994857 3.12899e-05
3033 0.757666 0.994311 3.21471e-05
3034 0.757666 0.994311 3.21471e-05
3035 0.423412 0.996811 3.92245e-05
3036 0.757666 0.994311 3.21471e-05
3037 0.757666 0.994311 3.21471e-05
3038 0.757666 0.994311 3.21471e-05
3039 0.730337 0.994539 3.42418e-05
3041 1.01333 0.992321 2.01858e-05
3042 0.757666 0.994311 3.21471e-05
3043 0.77509 0.994262 4.95429e-05
3044 0.621538 0.995384 4.07319e-05
3045 0.621538 0.995384 4.07319e-05
3046 0.650339 0.995103 2.42586e-05
3047 0.604067 0.995412 3.59534e-05
3048 0.604067 0.995412 3.59534e-05
3049 0.650339 0.995103 2.42586e-05
3050 0.604067 0.995412 3.59534e-05
3051 0.55425 0.995748 3.90441e-05
3052 0.604067 0.995412 3.59534e-05
3053 0.757666 0.994311 3.21471e-05
3054 0.593934 0.995613 3.7589e-05
3055 0.651306 0.995179 3.37914e-05
3056 0.623649 0.995409 2.90319e-05
3057 0.69928 0.994857 3.12899e-05
3058 0.729094 0.994693 4.11794e-05
3059 0.822734 0.993943 4.1e-05
3060 0.823081 0.993961 2.84241e-05
3061 0.703658 0.994886 4.35369e-05
3062 0.706223 0.994742 3.38159e-05
3063 0.650339 0.995103 2.42586e-05
3064 0.757666 0.994311 3.21471e-05
3065 0.787469 0.994106 2.7534e-05
3066 0.77509 0.994262 4.95429e-05
3067 0.787469 0.994106 2.7534e-05
3068 0.694096 0.994888 5.68363e-05
3070 0.914924 0.993117 3.90821e-05
3071 0.757666 0.994311 3.21471e-05
3072 0.664243 0.994977 3.6529e-05
3073 0.650339 0.995103 2.42586e-05
3074 0.650339 0.995103 2.42586e-05
3075 0.757666 0.994311 3.21471e-05
3076 0.650339 0.995103 2.42586e-05
3077 0.757666 0.994311 3.21471e-05
3078 0.787469 0.994106 2.7534e-05
3079 0.757666 0.994311 3.21471e-05
3080 0.651306 0.995179 3.37914e-05
3081 0.706223 0.994742 3.38159e-05
3082 0.74746 0.994492 4.41408e-05
3083 0.757666 0.994311 3.21471e-05
3084 0.757666 0.994311 3.21471e-05
3085 0.910895 0.993192 4.08409e-05
3086 0.651306 0.995179 3.37914e-05
3087 0.651306 0.995179 3.37914e-05
3088 0.580575 0.995744 3.20166e-05
3089 0.667785 0.995144 6.00583e-05
3090 0.70339 0.994867 5.80182e-05
3091 0.74746 0.994492 4.41408e-05
3092 0.74746 0.994492 4.41408e-05
3093 0.623649 0.995409 2.90319e-05
3094 0.822734 0.993943 4.1e-05
3095 0.822734 0.993943 4.1e-05
3096 0.823081 0.993961 2.84241e-05
3097 0.823081 0.993961 2.84241e-05
3098 0.823081 0.993961 2.84241e-05
3099 0.673581 0.995119 4.49918e-05
3100 0.748416 0.994567 3.92291e-05
3101 0.585628 0.995842 4.55257e-05
3102 0.585628 0.995842 4.55257e-05
3103 0.823081 0.993961 2.84241e-05
3104 0.748416 0.994567 3.92291e-05
3105 0.773818 0.994375 3.64471e-05
3106 0.823081 0.993961 2.84241e-05
3107 0.823081 0.993961 2.84241e-05
3108 0.74542 0.994632 5.09365e-05
3109 0.823081 0.993961 2.84241e-05
3110 0.703658 0.994886 4.35369e-05
3111 0.703658 0.994886 4.35369e-05
3112 0.867756 0.993643 2.40403e-05
3113 0.823081 0.993961 2.84241e-05
3114 0.822734 0.993943 4.1e-05
3115 0.823081 0.993961 2.84241e-05
3116 0.822734 0.993943 4.1e-05
3117 0.823081 0.993961 2.84241e-05
3118 0.729094 0.994693 4.11794e-05
3119 0.822734 0.993943 4.1e-05
3120 0.74746 0.994492 4.41408e-05
3121 0.77509 0.994262 4.95429e-05
4000 0.907847 0.992469 1.99467e-05
4001 1.43612 0.988219 3.72498e-05
4002 1.17437 0.990368 1.76749e-05
4003 1.35578 0.988989 3.93726e-05
4004 1.35578 0.988989 3.93726e-05
4005 0.760847 0.993768 4.89751e-05
4006 1.13397 0.990818 4.55936e-05
4007 0.799062 0.993465 6.61045e-05
4008 1.13397 0.990818 4.55936e-05
4009 1.35578 0.988989 3.93726e-05
4010 1.13397 0.990818 4.55936e-05
4011 1.19687 0.990342 3.24478e-05
4012 1.41858 0.988514 2.73691e-05
4013 1.35578 0.988989 3.93726e-05
4014 1.5378 0.987482 3.1874e-05
4015 1.43207 0.988304 4.81819e-05
4016 1.19687 0.990342 3.24478e-05
4017 1.19687 0.990342 3.24478e-05
4018 1.19687 0.990342 3.24478e-05
4019 1.35578 0.988989 3.93726e-05
4020 1.35578 0.988989 3.93726e-05
4021 1.35578 0.988989 3.93726e-05
4022 1.13397 0.990818 4.55936e-05
4023 1.35578 0.988989 3.93726e-05
4024 1.56191 0.98734 5.10831e-05
4025 1.35578 0.988989 3.93726e-05
4026 1.5378 0.987482 3.1874e-05
4027 1.23369 0.989877 3.58913e-05
4028 1.19687 0.990342 3.24478e-05
4029 1.13397 0.990818 4.55936e-05
4030 1.31768 0.989297 4.76765e-05
4031 1.13397 0.990818 4.55936e-05
4032 1.13397 0.990818 4.55936e-05
4033 1.19687 0.990342 3.24478e-05
4034 1.19687 0.990342 3.24478e-05
4035 1.19687 0.990342 3.24478e-05
4036 1.13397 0.990818 4.55936e-05
4037 1.13397 0.990818 4.55936e-05
4038 1.13397 0.990818 4.55936e-05
4039 1.13397 0.990818 4.55936e-05
4040 1.13397 0.990818 4.55936e-05
4041 1.13397 0.990818 4.55936e-05
4042 1.19687 0.990342 3.24478e-05
4043 1.13397 0.990818 4.55936e-05
4100 1.31908 0.98797 0.000139354
4101 1.17428 0.989152 9.77668e-05
4102 1.17625 0.989192 0.000140632
4103 0.940762 0.991289 0.000208485
4104 0.995575 0.990843 0.000165957
4105 0.927129 0.991357 0.000150651
4106 0.927129 0.991357 0.000150651
4107 0.927129 0.991357 0.000150651
4108 1.16844 0.989333 0.000195961
4109 0.927129 0.991357 0.000150651
4110 1.0748 0.990164 0.000203564
4111 0.927129 0.991357 0.000150651
4112 0.905879 0.991548 0.000151929
4113 0.940762 0.991289 0.000208485
4114 0.991459 0.990785 0.000133037
4115 0.658969 0.993594 5.68337e-05
4116 0.89494 0.991703 0.000178069
4117 0.894681 0.991731 0.000162022
4118 0.942068 0.991376 0.000211271
4119 0.865246 0.991998 0.000166703
4120 0.999266 0.990861 0.000199389
4121 0.894681 0.991731 0.000162022
4122 0.894681 0.991731 0.000162022
4123 0.973461 0.991007 0.000168423
4124 0.995575 0.990843 0.000165957
4125 1.06348 0.990285 0.000184407
5000 -1.0266 1.01284 6.6449e-05
5001 -1.16404 1.01446 0.000112688
5002 -1.02022 1.01268 4.40541e-05
5003 -1.0266 1.01284 6.6449e-05
5004 -1.0266 1.01284 6.6449e-05
5005 -1.0266 1.01284 6.6449e-05
5006 -1.0666 1.01327 0.000127997
5007 -1.05369 1.0131 0.000160792
5008 -1.0666 1.01327 0.000127997
5009 -0.869712 1.01085 4.14211e-05
5010 -0.869712 1.01085 4.14211e-05
5011 -0.863071 1.01068 4.63822e-05
5012 -0.869712 1.01085 4.14211e-05
5013 -1.0666 1.01327 0.000127997
5014 -0.942727 1.01181 5.09419e-05
5015 -0.869712 1.01085 4.14211e-05
5016 -1.01326 1.01255 0.000141234
5017 -0.935466 1.01152 0.000152778
5018 -1.01326 1.01255 0.000141234
5019 -1.01326 1.01255 0.000141234
5020 -1.0666 1.01327 0.000127997
5021 -1.0266 1.01284 6.6449e-05
5022 -1.0266 1.01284 6.6449e-05
5023 -1.0266 1.01284 6.6449e-05
5024 -1.0266 1.01284 6.6449e-05
5025 -1.0266 1.01284 6.6449e-05
5026 -1.0266 1.01284 6.6449e-05
5027 -1.0266 1.01284 6.6449e-05
5028 -1.0266 1.01284 6.6449e-05
5029 -1.0266 1.01284 6.6449e-05
5030 -1.0266 1.01284 6.6449e-05
5031 -1.0266 1.01284 6.6449e-05
5032 -1.0266 1.01284 6.6449e-05
5033 -1.0266 1.01284 6.6449e-05
5034 -1.0266 1.01284 6.6449e-05
5035 -1.0266 1.01284 6.6449e-05
5036 -1.0266 1.01284 6.6449e-05
5037 -1.0266 1.01284 6.6449e-05
5038 -0.883543 1.01095 7.50821e-05
5039 -0.96132 1.01198 5.99662e-05
5040 -1.0266 1.01284 6.6449e-05
5041 -1.0266 1.01284 6.6449e-05
5042 -0.8625 1.01056 5.39014e-05
5043 -1.0666 1.01327 0.000127997
5044 -0.967607 1.01185 0.000117343
5045 -0.967607 1.01185 0.000117343
5046 -0.967607 1.01185 0.000117343
5047 -1.0666 1.01327 0.000127997
5048 -1.0666 1.01327 0.000127997
5049 -0.90851 1.01114 0.000145946
5050 -0.96132 1.01198 5.99662e-05
5051 -0.8442 1.01049 4.81679e-05
5052 -0.967607 1.01185 0.000117343
5053 -0.90851 1.01114 0.000145946
5054 -0.811867 1.01008 5.04798e-05
5055 -0.698557 1.00857 4.69536e-05
5056 -0.96132 1.01198 5.99662e-05
5057 -1.13214 1.01414 0.000130865
5058 -1.0666 1.01327 0.000127997
5059 -1.0666 1.01327 0.000127997
5060 -1.0666 1.01327 0.000127997
5061 -1.0266 1.01284 6.6449e-05
5062 -1.0266 1.01284 6.6449e-05
5063 -1.0266 1.01284 6.6449e-05
5064 -1.0266 1.01284 6.6449e-05
5065 -1.0266 1.01284 6.6449e-05
5066 -1.06672 1.01339 7.4173e-05
5067 -1.0266 1.01284 6.6449e-05
5068 -1.0266 1.01284 6.6449e-05
5069 -0.942727 1.01181 5.09419e-05
5070 -1.0266 1.01284 6.6449e-05
5071 -1.0266 1.01284 6.6449e-05
5072 -1.0266 1.01284 6.6449e-05
5073 -1.0266 1.01284 6.6449e-05
5074 -0.984281 1.01238 5.92111e-05
5075 -1.0266 1.01284 6.6449e-05
5076 -1.0266 1.01284 6.6449e-05
5077 -1.06672 1.01339 7.4173e-05
5078 -1.0266 1.01284 6.6449e-05
5079 -1.06672 1.01339 7.4173e-05
5080 -1.15691 1.01458 5.35292e-05
5081 -1.1284 1.01426 4.99149e-05
5082 -1.11652 1.01402 5.38787e-05
5083 -1.04418 1.01322 3.43175e-05
5084 -1.06672 1.01339 7.4173e-05
5085 -1.04418 1.01322 3.43175e-05
5086 -1.08845 1.01374 4.32502e-05
5087 -1.15691 1.01458 5.35292e-05
5088 -1.0266 1.01284 6.6449e-05
5089 -1.0266 1.01284 6.6449e-05
5090 -1.06672 1.01339 7.4173e-05
5091 -1.15691 1.01458 5.35292e-05
5092 -1.15691 1.01458 5.35292e-05
5093 -1.1284 1.01426 4.99149e-05
5094 -1.1284 1.01426 4.99149e-05
5095 -1.15691 1.01458 5.35292e-05
5096 -1.0266 1.01284 6.6449e-05
5097 -1.0266 1.01284 6.6449e-05
5098 -1.0266 1.01284 6.6449e-05
5099 -1.0266 1.01284 6.6449e-05
5101 -1.0266 1.01284 6.6449e-05
5102 -1.06672 1.01339 7.4173e-05
5103 -1.08431 1.01374 7.86492e-05
5104 -0.980506 1.01247 5.48746e-05
5105 -1.08431 1.01374 7.86492e-05
5106 -1.08431 1.01374 7.86492e-05
5107 -1.08431 1.01374 7.86492e-05
5108 -1.1284 1.01426 4.99149e-05
5109 -0.980506 1.01247 5.48746e-05
5110 -0.980506 1.01247 5.48746e-05
5111 -1.08431 1.01374 7.86492e-05
5112 -1.08431 1.01374 7.86492e-05
5113 -1.08431 1.01374 7.86492e-05
5114 -1.08431 1.01374 7.86492e-05
5115 -0.980506 1.01247 5.48746e-05
5116 -1.04418 1.01322 3.43175e-05
5117 -1.1284 1.01426 4.99149e-05
5118 -1.00927 1.01283 0.000111587
5119 -1.1284 1.01426 4.99149e-05
5120 -1.1284 1.01426 4.99149e-05
5121 -0.980506 1.01247 5.48746e-05
5122 -1.08431 1.01374 7.86492e-05
5123 -0.980506 1.01247 5.48746e-05
5124 -1.08431 1.01374 7.86492e-05
5125 -1.08431 1.01374 7.86492e-05
5126 -1.08431 1.01374 7.86492e-05
5127 -0.980506 1.01247 5.48746e-05
5128 -1.08431 1.01374 7.86492e-05
5129 -0.980506 1.01247 5.48746e-05
5130 -0.980506 1.01247 5.48746e-05
5131 -0.980506 1.01247 5.48746e-05
5132 -1.08431 1.01374 7.86492e-05
5133 -0.980506 1.01247 5.48746e-05
5134 -0.980506 1.01247 5.48746e-05
5135 -0.757613 1.00975 4.68548e-05
5136 -0.980506 1.01247 5.48746e-05
5137 -1.08431 1.01374 7.86492e-05
