1010 -0.320707 1.0101 3.71923e-28
1012 -0.320707 1.0101 3.71923e-28
1013 -0.202029 1.00506 8.01845e-05
1014 -0.0346238 0.999902 2.8519e-05
1015 -0.142686 1.00382 3.13664e-05
1016 -0.0346238 0.999902 2.8519e-05
1017 -0.142686 1.00382 3.13664e-05
1018 -0.0346238 0.999902 2.8519e-05
1019 -0.238777 1.00656 9.80222e-05
1020 -0.366162 1.0101 3.64942e-28
1021 -0.366162 1.0101 3.64942e-28
1022 -0.0796194 0.999902 2.8519e-05
1024 -0.0796194 0.999902 2.8519e-05
1025 -0.187858 1.00382 3.13664e-05
1026 -0.0796194 0.999902 2.8519e-05
1027 -0.284072 1.00656 9.80222e-05
1028 -0.247257 1.00506 8.01845e-05
1029 -0.287533 1.00617 5.17781e-05
1030 -0.411616 1.0101 3.51924e-28
1032 -0.124615 0.999902 2.8519e-05
1033 -0.457071 1.0101 3.61802e-28
1034 -0.33281 1.00617 5.17781e-05
1035 0.0808456 0.993219 2.88462e-05
1036 -0.233029 1.00382 3.13664e-05
1037 -0.411616 1.0101 3.51924e-28
1038 -0.411616 1.0101 3.51924e-28
1039 -0.233029 1.00382 3.13664e-05
1040 -0.124615 0.999902 2.8519e-05
1041 -0.33281 1.00617 5.17781e-05
1042 -0.33281 1.00617 5.17781e-05
1043 -0.457071 1.0101 3.61802e-28
1044 -0.278201 1.00382 3.13664e-05
1045 -0.169611 0.999902 2.8519e-05
1046 -0.169611 0.999902 2.8519e-05
1047 -0.169611 0.999902 2.8519e-05
1048 -0.169611 0.999902 2.8519e-05
1049 -0.169611 0.999902 2.8519e-05
1050 -0.169611 0.999902 2.8519e-05
1051 -0.132582 0.998402 2.34911e-05
1052 -0.132582 0.998402 2.34911e-05
1053 -0.132582 0.998402 2.34911e-05
1054 -0.378087 1.00617 5.17781e-05
1055 -0.502525 1.0101 8.96748e-27
1056 -0.323373 1.00382 3.13664e-05
1057 -0.323373 1.00382 3.13664e-05
1061 -0.323373 1.00382 3.13664e-05
1062 -0.502525 1.0101 8.96748e-27
1063 -0.170784 0.999437 2.90237e-05
1064 -0.170784 0.999437 2.90237e-05
1065 -0.170784 0.999437 2.90237e-05
1066 -0.323373 1.00382 3.13664e-05
1067 -0.214606 0.999902 2.8519e-05
1068 -0.17751 0.998402 2.34911e-05
1069 -0.215759 0.999437 2.90237e-05
1070 -0.368544 1.00382 3.13664e-05
1071 -0.368544 1.00382 3.13664e-05
1072 -0.259602 0.999902 2.8519e-05
1073 -0.259602 0.999902 2.8519e-05
1074 -0.368544 1.00382 3.13664e-05
1075 -0.259602 0.999902 2.8519e-05
1076 -0.259602 0.999902 2.8519e-05
1077 -0.259602 0.999902 2.8519e-05
1078 -0.222438 0.998402 2.34911e-05
1079 -0.222438 0.998402 2.34911e-05
1080 -0.222438 0.998402 2.34911e-05
1081 -0.259602 0.999902 2.8519e-05
1082 -0.259602 0.999902 2.8519e-05
1083 -0.423365 1.00617 5.17781e-05
1084 -0.17751 0.998402 2.34911e-05
1085 -0.17751 0.998402 2.34911e-05
1086 -0.214606 0.999902 2.8519e-05
1087 -0.214606 0.999902 2.8519e-05
1088 -0.214606 0.999902 2.8519e-05
1089 -0.214606 0.999902 2.8519e-05
1090 -0.323373 1.00382 3.13664e-05
1091 -0.323373 1.00382 3.13664e-05
1092 -0.170784 0.999437 2.90237e-05
1093 -0.170784 0.999437 2.90237e-05
1094 -0.132582 0.998402 2.34911e-05
1095 -0.169611 0.999902 2.8519e-05
1096 -0.169611 0.999902 2.8519e-05
1097 -0.278201 1.00382 3.13664e-05
1098 -0.457071 1.0101 3.61802e-28
1099 -0.124615 0.999902 2.8519e-05
1100 -0.233029 1.00382 3.13664e-05
1101 -0.411616 1.0101 3.51924e-28
1102 -0.411616 1.0101 3.51924e-28
1103 -0.0427258 0.998402 2.34911e-05
1104 -0.247257 1.00506 8.01845e-05
1106 -0.0427258 0.998402 2.34911e-05
1107 -0.366162 1.0101 3.64942e-28
1108 -0.366162 1.0101 3.64942e-28
1109 -0.238777 1.00656 9.80222e-05
1110 -0.320707 1.0101 3.71923e-28
1111 -0.0704123 1.00213 5.83782e-05
1112 0.0103718 0.999902 2.8519e-05
1113 -0.0975142 1.00382 3.13664e-05
1114 -0.275253 1.0101 3.91846e-28
1115 -0.0975142 1.00382 3.13664e-05
1116 -0.0267007 1.0009 5.50483e-05
1117 -0.193482 1.00656 9.80222e-05
1118 -0.320707 1.0101 3.71923e-28
1119 -0.320707 1.0101 3.71923e-28
1121 -0.320707 1.0101 3.71923e-28
1122 -0.320707 1.0101 3.71923e-28
1123 -0.320707 1.0101 3.71923e-28
1124 -0.320707 1.0101 3.71923e-28
1125 -0.320707 1.0101 3.71923e-28
1126 -0.320707 1.0101 3.71923e-28
1127 -0.142686 1.00382 3.13664e-05
1128 -0.320707 1.0101 3.71923e-28
1129 -0.142686 1.00382 3.13664e-05
1130 -0.142686 1.00382 3.13664e-05
1131 -0.142686 1.00382 3.13664e-05
1132 -0.142686 1.00382 3.13664e-05
1133 -0.320707 1.0101 3.71923e-28
1140 0.0103718 0.999902 2.8519e-05
1141 0.0103718 0.999902 2.8519e-05
1142 0.0103718 0.999902 2.8519e-05
1143 0.0103718 0.999902 2.8519e-05
1144 0.0103718 0.999902 2.8519e-05
1145 0.0103718 0.999902 2.8519e-05
1146 0.0103718 0.999902 2.8519e-05
1147 0.0103718 0.999902 2.8519e-05
1148 0.0103718 0.999902 2.8519e-05
1150 0.0103718 0.999902 2.8519e-05
1151 0.0103718 0.999902 2.8519e-05
1152 0.0103718 0.999902 2.8519e-05
1153 0.0103718 0.999902 2.8519e-05
1154 -0.193482 1.00656 9.80222e-05
1155 0.0103718 0.999902 2.8519e-05
1156 -0.0051149 1.00044 2.89983e-05
1157 -0.0051149 1.00044 2.89983e-05
1158 -0.0051149 1.00044 2.89983e-05
1159 -0.0051149 1.00044 2.89983e-05
1160 -0.0051149 1.00044 2.89983e-05
1161 -0.0051149 1.00044 2.89983e-05
1162 -0.0051149 1.00044 2.89983e-05
1163 -0.0051149 1.00044 2.89983e-05
1164 -0.0051149 1.00044 2.89983e-05
1165 -0.0051149 1.00044 2.89983e-05
1166 -0.0051149 1.00044 2.89983e-05
1167 -0.0051149 1.00044 2.89983e-05
1168 -0.206079 1.00028 4.85354e-05
2020 0.472437 0.988352 3.02391e-05
2021 0.411397 0.989504 1.4634e-05
2022 0.564706 0.985736 1.45227e-05
2023 0.256708 0.992186 2.2885e-05
2024 0.36687 0.989504 1.4634e-05
2025 0.520348 0.985736 1.45227e-05
2026 0.322342 0.989504 1.4634e-05
2027 0.322342 0.989504 1.4634e-05
2028 0.383485 0.988352 3.02391e-05
2029 0.383485 0.988352 3.02391e-05
2030 0.36687 0.989504 1.4634e-05
2031 0.256708 0.992186 2.2885e-05
2032 0.256708 0.992186 2.2885e-05
2033 0.321258 0.990824 2.47348e-05
2034 0.256708 0.992186 2.2885e-05
2036 0.229048 0.992547 4.825e-05
2037 0.256708 0.992186 2.2885e-05
2038 0.22973 0.993244 1.81813e-05
2039 0.411397 0.989504 1.4634e-05
2040 0.472437 0.988352 3.02391e-05
2041 0.609064 0.985736 1.45227e-05
2042 0.455925 0.989504 1.4634e-05
2043 0.346005 0.992186 2.2885e-05
2044 0.561388 0.988352 3.02391e-05
2045 0.422407 0.991822 2.28686e-05
2046 0.54498 0.989504 1.4634e-05
2047 0.267435 0.99574 3.56896e-05
2048 0.408513 0.993244 1.81813e-05
2049 0.312243 0.99574 3.56896e-05
2050 0.464683 0.993318 1.78664e-05
2051 0.569246 0.992186 2.2885e-05
2052 0.168354 1.00211 2.33549e-05
2053 0.379102 0.998396 1.48913e-05
2054 0.424029 0.998396 1.48913e-05
2055 0.374882 1.00026 1.88888e-05
2056 0.419952 1.0004 1.88941e-05
2057 0.456013 0.999815 1.81421e-05
2058 0.456013 0.999815 1.81421e-05
2059 0.207834 1.00534 2.28517e-05
2060 0.207834 1.00534 2.28517e-05
2061 0.456013 0.999815 1.81421e-05
2062 0.456013 0.999815 1.81421e-05
2063 0.456013 0.999815 1.81421e-05
2064 0.419952 1.0004 1.88941e-05
2065 0.303639 1.00211 2.33549e-05
2066 0.374934 1.0004 1.88941e-05
2067 0.507266 0.997078 2.47785e-05
2068 0.424029 0.998396 1.48913e-05
2069 0.321038 0.999815 1.81421e-05
2070 0.598781 0.993318 1.78664e-05
2071 0.334174 0.998396 1.48913e-05
2072 0.231055 0.999815 1.81421e-05
2073 0.569246 0.992186 2.2885e-05
2074 0.244318 0.998396 1.48913e-05
2075 0.464683 0.993318 1.78664e-05
2076 0.634036 0.989504 1.4634e-05
2077 0.453209 0.993244 1.81813e-05
2078 0.340055 0.995413 2.36106e-05
2079 0.47995 0.992186 2.2885e-05
2080 0.45046 0.99245 2.34608e-05
2081 0.435301 0.992186 2.2885e-05
2082 0.363817 0.993244 1.81813e-05
2083 0.560837 0.987693 1.84346e-05
2084 0.455925 0.989504 1.4634e-05
2085 0.609064 0.985736 1.45227e-05
2086 0.472437 0.988352 3.02391e-05
2087 0.411397 0.989504 1.4634e-05
2088 0.470973 0.988065 2.97511e-05
2089 0.564706 0.985736 1.45227e-05
2090 0.427961 0.988352 3.02391e-05
2091 0.36687 0.989504 1.4634e-05
2092 0.227159 0.99245 2.34608e-05
2093 0.700382 0.982034 1.77732e-05
2094 0.427498 0.987693 1.84346e-05
2095 0.383485 0.988352 3.02391e-05
2096 0.599651 0.983403 2.24819e-05
2097 0.656191 0.982034 1.77732e-05
2098 0.383052 0.987693 1.84346e-05
2099 0.383052 0.987693 1.84346e-05
2100 0.383485 0.988352 3.02391e-05
2101 0.700382 0.982034 1.77732e-05
2102 0.4592 0.987556 1.84295e-05
2103 0.256708 0.992186 2.2885e-05
2104 0.564706 0.985736 1.45227e-05
2105 0.564706 0.985736 1.45227e-05
2106 0.546828 0.986206 3.58176e-05
2107 0.744574 0.982034 1.77732e-05
2108 0.744574 0.982034 1.77732e-05
2109 0.411397 0.989504 1.4634e-05
2110 0.472437 0.988352 3.02391e-05
2112 0.73241 0.983403 2.24819e-05
2113 0.455925 0.989504 1.4634e-05
2114 0.516912 0.988352 3.02391e-05
2115 0.653422 0.985736 1.45227e-05
2116 0.653422 0.985736 1.45227e-05
2117 0.500453 0.989504 1.4634e-05
2118 0.500453 0.989504 1.4634e-05
2119 0.500453 0.989504 1.4634e-05
2121 0.516912 0.988352 3.02391e-05
2122 0.455925 0.989504 1.4634e-05
2123 0.455925 0.989504 1.4634e-05
2124 0.410432 0.990824 2.47348e-05
2125 0.346005 0.992186 2.2885e-05
2126 0.597936 0.987088 2.96922e-05
2127 0.500453 0.989504 1.4634e-05
2128 0.346005 0.992186 2.2885e-05
2129 0.274425 0.993244 1.81813e-05
2130 0.609064 0.985736 1.45227e-05
2131 0.472437 0.988352 3.02391e-05
2132 0.737902 0.98316 6.81167e-05
2133 0.472437 0.988352 3.02391e-05
3000 0.407664 0.989503 1.40294e-05
3001 0.612938 0.985736 1.39228e-05
3002 0.324341 0.99183 2.19243e-05
3003 0.741374 0.983396 2.1553e-05
3004 0.741374 0.983396 2.1553e-05
3005 0.741374 0.983396 2.1553e-05
3006 0.132853 0.995926 4.70355e-05
3007 0.452192 0.989503 1.40294e-05
3008 0.515809 0.988346 2.89808e-05
3009 0.515809 0.988346 2.89808e-05
3010 0.657296 0.985736 1.39228e-05
3011 0.844417 0.982032 1.70326e-05
3012 0.496719 0.989503 1.40294e-05
3013 0.560284 0.988346 2.89808e-05
3014 0.701654 0.985736 1.39228e-05
3015 0.888609 0.982032 1.70326e-05
3016 0.541247 0.989503 1.40294e-05
3017 0.82988 0.983396 2.1553e-05
3018 0.82988 0.983396 2.1553e-05
3019 0.541247 0.989503 1.40294e-05
3020 0.60476 0.988346 2.89808e-05
3021 0.60476 0.988346 2.89808e-05
3022 0.541247 0.989503 1.40294e-05
3023 0.701654 0.985736 1.39228e-05
3024 0.496719 0.989503 1.40294e-05
3025 0.496719 0.989503 1.40294e-05
3026 0.677281 0.985866 3.44298e-05
3027 0.496719 0.989503 1.40294e-05
3028 0.657296 0.985736 1.39228e-05
3030 0.452192 0.989503 1.40294e-05
3031 0.612938 0.985736 1.39228e-05
3032 0.407664 0.989503 1.40294e-05
3033 0.56858 0.985736 1.39228e-05
3034 0.652868 0.983396 2.1553e-05
3035 1.47585 0.966184 4.21451e-26
3036 0.524222 0.985736 1.39228e-05
3037 0.382382 0.988346 2.89808e-05
3038 0.700406 0.981965 1.6745e-05
3039 0.700406 0.981965 1.6745e-05
3041 0.097283 0.994063 8.27781e-05
3042 0.608616 0.983396 2.1553e-05
3043 0.608616 0.983396 2.1553e-05
3044 0.608616 0.983396 2.1553e-05
3045 0.667651 0.982032 1.70326e-05
3046 0.656218 0.981965 1.6745e-05
3047 0.656218 0.981965 1.6745e-05
3048 0.564363 0.983396 2.1553e-05
3049 0.62346 0.982032 1.70326e-05
3050 0.62346 0.982032 1.70326e-05
3051 0.612029 0.981965 1.6745e-05
3052 0.52011 0.983396 2.1553e-05
3053 0.836226 0.977067 1.36731e-05
3054 0.584291 0.982231 4.42135e-05
3055 0.62346 0.982032 1.70326e-05
3056 0.564363 0.983396 2.1553e-05
3057 0.564363 0.983396 2.1553e-05
3058 0.564363 0.983396 2.1553e-05
3059 0.62346 0.982032 1.70326e-05
3060 0.564363 0.983396 2.1553e-05
3061 0.564363 0.983396 2.1553e-05
3062 0.564363 0.983396 2.1553e-05
3063 0.612029 0.981965 1.6745e-05
3064 0.612029 0.981965 1.6745e-05
3065 0.62346 0.982032 1.70326e-05
3066 0.564363 0.983396 2.1553e-05
3067 0.656218 0.981965 1.6745e-05
3068 0.667651 0.982032 1.70326e-05
3070 0.77065 0.979616 4.31428e-05
3071 0.667651 0.982032 1.70326e-05
3072 0.667651 0.982032 1.70326e-05
3073 0.667651 0.982032 1.70326e-05
3074 0.656218 0.981965 1.6745e-05
3075 0.656218 0.981965 1.6745e-05
3076 0.608616 0.983396 2.1553e-05
3077 0.524222 0.985736 1.39228e-05
3078 0.652868 0.983396 2.1553e-05
3079 0.716892 0.982231 4.42135e-05
3080 0.56858 0.985736 1.39228e-05
3081 0.697121 0.983396 2.1553e-05
3082 0.697121 0.983396 2.1553e-05
3083 0.407664 0.989503 1.40294e-05
3084 0.471333 0.988346 2.89808e-05
3085 0.800226 0.982032 1.70326e-05
3086 0.657296 0.985736 1.39228e-05
3087 0.496719 0.989503 1.40294e-05
3088 0.82988 0.983396 2.1553e-05
3089 0.541247 0.989503 1.40294e-05
3090 0.60476 0.988346 2.89808e-05
3091 0.649236 0.988346 2.89808e-05
3092 0.790371 0.985736 1.39228e-05
3093 0.630302 0.989503 1.40294e-05
3094 0.515788 0.992178 2.19394e-05
3095 0.67483 0.989503 1.40294e-05
3096 0.560436 0.992178 2.19394e-05
3097 0.5312 0.993246 1.74238e-05
3098 0.605084 0.992178 2.19394e-05
3099 0.763885 0.989503 1.40294e-05
3100 0.808413 0.989503 1.40294e-05
3101 0.402295 0.998395 1.42766e-05
3102 0.69438 0.992178 2.19394e-05
3103 0.649732 0.992178 2.19394e-05
3104 0.251721 0.999809 1.73975e-05
3105 0.605084 0.992178 2.19394e-05
3106 0.560436 0.992178 2.19394e-05
3107 0.67483 0.989503 1.40294e-05
3108 0.515788 0.992178 2.19394e-05
3109 0.630302 0.989503 1.40294e-05
3110 0.47114 0.992178 2.19394e-05
3111 0.585775 0.989503 1.40294e-05
3112 0.874133 0.983396 2.1553e-05
3113 0.746013 0.985736 1.39228e-05
3114 0.426492 0.992178 2.19394e-05
3115 0.82988 0.983396 2.1553e-05
3116 0.381844 0.992178 2.19394e-05
3117 0.496719 0.989503 1.40294e-05
3118 0.844417 0.982032 1.70326e-05
3119 0.337196 0.992178 2.19394e-05
3120 0.515809 0.988346 2.89808e-05
3121 0.657296 0.985736 1.39228e-05
4000 0.249767 0.996584 1.28401e-05
4001 0.582493 0.987691 1.28923e-05
4002 0.192958 0.996358 1.31146e-05
4003 0.237794 0.996358 1.31146e-05
4004 -0.320707 1.0101 6.02095e-27
4005 0.334967 0.996197 1.31091e-05
4006 0.327466 0.996358 1.31146e-05
4007 0.449355 0.993935 1.90751e-05
4008 0.32753 0.996552 1.31197e-05
4009 0.32753 0.996552 1.31197e-05
4010 -0.275253 1.0101 2.03369e-27
4011 -0.275253 1.0101 2.03369e-27
4012 0.1274 1.00112 1.72771e-05
4013 0.282686 0.996552 1.31197e-05
4014 0.451967 0.991987 8.57312e-06
4015 0.237794 0.996358 1.31146e-05
4016 -0.00775037 1.00112 1.72771e-05
4017 -0.0165829 1.00072 1.80308e-05
4018 0.148151 0.996552 1.31197e-05
4019 0.331746 0.991979 1.73419e-05
4020 0.103306 0.996552 1.31197e-05
4021 0.103306 0.996552 1.31197e-05
4022 0.103286 0.996358 1.31146e-05
4023 0.103286 0.996358 1.31146e-05
4024 0.287107 0.991979 1.73419e-05
4025 0.0584615 0.996552 1.31197e-05
4026 0.0584496 0.996358 1.31146e-05
4027 0.0584496 0.996358 1.31146e-05
4028 0.287107 0.991979 1.73419e-05
4029 0.103286 0.996358 1.31146e-05
4030 0.103286 0.996358 1.31146e-05
4031 0.103286 0.996358 1.31146e-05
4032 -0.326307 1.00549 3.19555e-05
4033 0.103286 0.996358 1.31146e-05
4034 0.103286 0.996358 1.31146e-05
4035 0.103306 0.996552 1.31197e-05
4036 0.331746 0.991979 1.73419e-05
4037 0.148122 0.996358 1.31146e-05
4038 0.376385 0.991979 1.73419e-05
4039 0.192996 0.996552 1.31197e-05
4040 0.237794 0.996358 1.31146e-05
4041 0.28263 0.996358 1.31146e-05
4042 0.08235 1.00112 1.72771e-05
4043 0.118514 1.00072 1.80308e-05
4100 0.366019 0.997077 2.71185e-05
4101 0.20115 1.00041 2.06965e-05
4102 0.528352 0.992237 2.46436e-05
4103 0.575936 0.990828 2.64666e-05
4104 0.704481 0.987677 3.28512e-05
4105 0.487019 0.992457 2.51177e-05
4106 0.487019 0.992457 2.51177e-05
4107 0.487019 0.992457 2.51177e-05
4108 0.487019 0.992457 2.51177e-05
4109 0.487019 0.992457 2.51177e-05
4110 0.704481 0.987677 3.28512e-05
4111 0.462073 0.993935 1.99645e-05
4112 0.53168 0.992457 2.51177e-05
4113 0.620432 0.990681 2.64587e-05
4114 0.620524 0.990828 2.64666e-05
4115 0.437613 0.995559 5.06713e-05
4116 0.551527 0.993935 1.99645e-05
4117 0.492906 0.995757 3.81714e-05
4118 0.520712 0.995405 2.52788e-05
4119 0.520712 0.995405 2.52788e-05
4120 0.492906 0.995757 3.81714e-05
4121 0.491965 0.995629 2.48225e-05
4122 0.475918 0.995405 2.52788e-05
4123 0.57634 0.992457 2.51177e-05
4124 0.620524 0.990828 2.64666e-05
4125 0.53168 0.992457 2.51177e-05
5000 0.153672 0.989508 2.3101e-05
5001 0.0361508 0.993219 2.88462e-05
5002 -0.169611 0.999902 2.8519e-05
5003 -0.132582 0.998402 2.34911e-05
5004 0.00287313 0.993336 2.80613e-05
5005 0.109144 0.989508 2.3101e-05
5006 -0.214606 0.999902 2.8519e-05
5007 -0.214606 0.999902 2.8519e-05
5008 -0.17751 0.998402 2.34911e-05
5009 -0.17751 0.998402 2.34911e-05
5010 -0.17751 0.998402 2.34911e-05
5011 -0.041827 0.993336 2.80613e-05
5012 -0.215759 0.999437 2.90237e-05
5013 0.0646159 0.989508 2.3101e-05
5014 -0.0532389 0.993219 2.88462e-05
5015 -0.0532389 0.993219 2.88462e-05
5016 -0.259602 0.999902 2.8519e-05
5017 -0.222438 0.998402 2.34911e-05
5018 -0.222438 0.998402 2.34911e-05
5019 -0.0865271 0.993336 2.80613e-05
5020 0.020088 0.989508 2.3101e-05
5021 0.020088 0.989508 2.3101e-05
5022 0.020088 0.989508 2.3101e-05
5023 0.020088 0.989508 2.3101e-05
5024 0.020088 0.989508 2.3101e-05
5025 0.020088 0.989508 2.3101e-05
5026 -0.0979338 0.993219 2.88462e-05
5027 -0.267366 0.998402 2.34911e-05
5028 -0.267366 0.998402 2.34911e-05
5029 -0.131227 0.993336 2.80613e-05
5030 -0.0244398 0.989508 2.3101e-05
5031 -0.0244398 0.989508 2.3101e-05
5032 -0.0244398 0.989508 2.3101e-05
5033 -0.0244398 0.989508 2.3101e-05
5034 -0.0244398 0.989508 2.3101e-05
5035 -0.0244398 0.989508 2.3101e-05
5036 -0.227039 0.996047 7.88089e-05
5037 -0.0244398 0.989508 2.3101e-05
5038 -0.0244398 0.989508 2.3101e-05
5039 -0.0244398 0.989508 2.3101e-05
5040 -0.0244398 0.989508 2.3101e-05
5041 -0.142629 0.993219 2.88462e-05
5042 -0.10528 0.991718 3.60861e-05
5043 -0.305708 0.999437 2.90237e-05
5044 -0.267366 0.998402 2.34911e-05
5045 0.020088 0.989508 2.3101e-05
5046 0.020088 0.989508 2.3101e-05
5047 -0.0865271 0.993336 2.80613e-05
5048 -0.222438 0.998402 2.34911e-05
5049 -0.222438 0.998402 2.34911e-05
5050 -0.222438 0.998402 2.34911e-05
5051 -0.222438 0.998402 2.34911e-05
5052 -0.222438 0.998402 2.34911e-05
5053 -0.222438 0.998402 2.34911e-05
5054 -0.222438 0.998402 2.34911e-05
5055 -0.259602 0.999902 2.8519e-05
5056 0.0646159 0.989508 2.3101e-05
5057 0.0646159 0.989508 2.3101e-05
5058 -0.00332011 0.992292 3.61256e-05
5059 -0.17751 0.998402 2.34911e-05
5060 -0.00854407 0.993219 2.88462e-05
5061 0.109144 0.989508 2.3101e-05
5062 -0.170784 0.999437 2.90237e-05
5063 -0.132582 0.998402 2.34911e-05
5064 -0.132582 0.998402 2.34911e-05
5065 -0.132582 0.998402 2.34911e-05
5066 -0.169611 0.999902 2.8519e-05
5067 -0.0876539 0.998402 2.34911e-05
5068 -0.411616 1.0101 3.51924e-28
5069 -0.0808346 0.999437 2.90237e-05
5070 -0.0796194 0.999902 2.8519e-05
5071 -0.0796194 0.999902 2.8519e-05
5072 -0.0358599 0.999437 2.90237e-05
5073 0.00220227 0.998402 2.34911e-05
5074 -0.202029 1.00506 8.01845e-05
5075 0.00220227 0.998402 2.34911e-05
5076 0.00220227 0.998402 2.34911e-05
5077 -0.0346238 0.999902 2.8519e-05
5078 -0.0346238 0.999902 2.8519e-05
5079 -0.0346238 0.999902 2.8519e-05
5080 -0.142686 1.00382 3.13664e-05
5081 -0.320707 1.0101 3.71923e-28
5082 -0.320707 1.0101 3.71923e-28
5083 -0.208821 1.00606 4.64977e-05
5084 -0.142686 1.00382 3.13664e-05
5085 -0.320707 1.0101 3.71923e-28
5086 -0.320707 1.0101 3.71923e-28
5087 -0.320707 1.0101 3.71923e-28
5088 -0.0346238 0.999902 2.8519e-05
5089 0.00220227 0.998402 2.34911e-05
5090 0.00220227 0.998402 2.34911e-05
5091 -0.366162 1.0101 3.64942e-28
5092 -0.366162 1.0101 3.64942e-28
5093 -0.254093 1.00606 4.64977e-05
5094 -0.254093 1.00606 4.64977e-05
5095 -0.0796194 0.999902 2.8519e-05
5096 -0.0427258 0.998402 2.34911e-05
5097 -0.0808346 0.999437 2.90237e-05
5098 -0.124615 0.999902 2.8519e-05
5099 -0.0876539 0.998402 2.34911e-05
5101 -0.0876539 0.998402 2.34911e-05
5102 0.0361508 0.993219 2.88462e-05
5103 -0.132582 0.998402 2.34911e-05
5104 -0.132582 0.998402 2.34911e-05
5105 -0.132582 0.998402 2.34911e-05
5106 -0.132582 0.998402 2.34911e-05
5107 -0.170784 0.999437 2.90237e-05
5108 -0.170784 0.999437 2.90237e-05
5109 -0.170784 0.999437 2.90237e-05
5110 -0.170784 0.999437 2.90237e-05
5111 0.109144 0.989508 2.3101e-05
5112 0.109144 0.989508 2.3101e-05
5113 0.109144 0.989508 2.3101e-05
5114 0.109144 0.989508 2.3101e-05
5115 -0.132582 0.998402 2.34911e-05
5116 -0.169611 0.999902 2.8519e-05
5117 -0.125809 0.999437 2.90237e-05
5118 -0.0876539 0.998402 2.34911e-05
5119 -0.124615 0.999902 2.8519e-05
5120 -0.124615 0.999902 2.8519e-05
5121 -0.124615 0.999902 2.8519e-05
5122 0.0808456 0.993219 2.88462e-05
5123 -0.411616 1.0101 3.51924e-28
5124 -0.0808346 0.999437 2.90237e-05
5125 -0.0427258 0.998402 2.34911e-05
5126 -0.0427258 0.998402 2.34911e-05
5127 -0.0796194 0.999902 2.8519e-05
5128 -0.155291 1.00322 3.4688e-05
5129 0.00220227 0.998402 2.34911e-05
5130 -0.0346238 0.999902 2.8519e-05
5131 -0.320707 1.0101 3.71923e-28
5132 0.00911471 0.999437 2.90237e-05
5133 0.0471304 0.998402 2.34911e-05
5134 0.0471304 0.998402 2.34911e-05
5135 0.0471304 0.998402 2.34911e-05
5136 0.0471304 0.998402 2.34911e-05
5137 0.0471304 0.998402 2.34911e-05
